0.632121
0.632121
0.632121
0.632121
0.632121
0.632121
0.632121
0.632121
0.632121
0.632121
0.632121
0.632121
0.632121
0.632121
0.632121
0.632121
0.632121
0.632121
0.632121
0.632121
0.632121
0.632121
0.632121
0.632121
0.632121
0.632121
0.632121
0.632121
0.632121
0.632121
0.632121
0.632121
0.632121
0.632121
0.632121
0.632121
0.632121
0.632121
0.632121
0.632121
0.632121
0.632121
0.632121
0.632121
0.632121
0.632121
0.632121
0.632121
0.632121
0.632121
0.632121
0.632121
0.632121
0.632121
0.632121
0.632121
0.632121
0.632121
0.632121
0.632121
0.632121
0.632121
0.632121
0.632121
